0 0.114583 0.468621 0.064815 0.160494
0 0.236690 0.467850 0.067515 0.158951
0 0.362654 0.459877 0.070216 0.163580
0 0.484954 0.457047 0.072531 0.165123
1 0.137346 0.644290 0.102623 0.074588
1 0.244213 0.641461 0.100309 0.076132
1 0.354552 0.640432 0.101852 0.078189
1 0.464699 0.636831 0.104552 0.076132
2 0.588735 0.394290 0.059414 0.079733
2 0.667824 0.389660 0.059414 0.079733
2 0.591821 0.479681 0.059414 0.079733
2 0.670910 0.475566 0.059414 0.079733
2 0.593750 0.566101 0.059414 0.079733
2 0.672840 0.561471 0.059414 0.079733
2 0.594907 0.653035 0.059414 0.079733
2 0.673225 0.648405 0.059414 0.079733
3 0.742477 0.656121 0.043596 0.059156
4 0.736497 0.382202 0.039352 0.052469
4 0.739198 0.450617 0.043210 0.053498
4 0.739969 0.518519 0.043210 0.053498
4 0.741127 0.586420 0.043210 0.053498
5 0.879051 0.510802 0.189429 0.258230
