0 0.101974 0.350566 0.080247 0.279321
0 0.208191 0.350566 0.080247 0.279321
0 0.101974 0.625000 0.095293 0.260288
0 0.209998 0.627572 0.080633 0.259259
1 0.090029 0.850907 0.028022 0.065214
1 0.130503 0.850222 0.025864 0.065700
1 0.169469 0.850708 0.028093 0.065728
1 0.210435 0.850023 0.028778 0.065300
2 0.310185 0.399434 0.030864 0.391461
2 0.362461 0.399949 0.032793 0.388374
2 0.415509 0.400720 0.032407 0.394033
2 0.468364 0.398405 0.033951 0.391461
3 0.312500 0.741770 0.049383 0.246914
3 0.363619 0.742284 0.051312 0.247942
3 0.416474 0.744856 0.048225 0.244856
3 0.470679 0.741770 0.050926 0.246914
4 0.521991 0.228909 0.044753 0.064815
4 0.521605 0.296039 0.042438 0.067387
5 0.612269 0.608282 0.098765 0.366770
5 0.755965 0.618282 0.098765 0.366770
6 0.639660 0.238169 0.121142 0.044239
7 0.779321 0.238169 0.158179 0.101852
8 0.848165 0.630461 0.041281 0.092593
