0 0.107832 0.350309 0.069830 0.257202
0 0.211034 0.351337 0.070216 0.261317
0 0.105324 0.627572 0.070216 0.255144
0 0.212963 0.630144 0.070988 0.260288
1 0.101852 0.841049 0.023920 0.042181
1 0.137731 0.846193 0.026235 0.042181
1 0.177469 0.850309 0.028549 0.046296
1 0.215664 0.843107 0.024691 0.048354
2 0.311343 0.398920 0.023920 0.394547
2 0.364390 0.399434 0.024306 0.391461
2 0.415702 0.401749 0.027392 0.394033
2 0.467978 0.397377 0.027006 0.389403
3 0.310957 0.740226 0.052469 0.245885
3 0.363233 0.741255 0.050540 0.247942
3 0.417245 0.745370 0.049769 0.247942
3 0.469907 0.741770 0.050926 0.246914
4 0.522377 0.228395 0.034722 0.059671
4 0.522377 0.297840 0.039352 0.061728
5 0.611304 0.612140 0.091435 0.346708
5 0.755787 0.605195 0.090278 0.343107
6 0.639660 0.239455 0.119599 0.027263
7 0.777006 0.239969 0.150463 0.093107
8 0.844329 0.612912 0.023534 0.074588
