0 0.090000 0.370000 0.070000 0.293333
0 0.210000 0.358333 0.077500 0.300000
0 0.088750 0.667500 0.082500 0.298333
0 0.205625 0.670000 0.081250 0.296667
1 0.079375 0.925000 0.023750 0.066667
1 0.125000 0.922500 0.025000 0.071667
1 0.169375 0.920000 0.026250 0.070000
1 0.216250 0.923333 0.027500 0.063333
2 0.323750 0.405000 0.035000 0.453333
2 0.381875 0.406667 0.033750 0.450000
2 0.440625 0.408333 0.033750 0.450000
2 0.504375 0.401667 0.033750 0.450000
3 0.325000 0.808333 0.037500 0.290000
3 0.386875 0.808333 0.036250 0.290000
3 0.449375 0.808333 0.036250 0.290000
3 0.506875 0.808333 0.036250 0.290000
4 0.563125 0.216667 0.028750 0.070000
4 0.565625 0.284167 0.033750 0.055000
5 0.675000 0.637500 0.072500 0.358333
5 0.837500 0.637500 0.080000 0.361667
6 0.783750 0.235000 0.050000 0.033333
7 0.847500 0.219167 0.062500 0.135000
8 0.938750 0.633333 0.045000 0.093333
