0 0.255015 0.164609 0.114198 0.210905
0 0.419367 0.159979 0.116512 0.209877
0 0.585262 0.155350 0.116512 0.211934
0 0.751157 0.156636 0.112654 0.214506
1 0.278742 0.392747 0.128472 0.136317
1 0.416667 0.391718 0.128086 0.136317
1 0.557870 0.389403 0.128858 0.130658
1 0.698495 0.388632 0.126157 0.128086
2 0.114198 0.087191 0.073302 0.099280
2 0.117670 0.199074 0.078704 0.097737
2 0.117284 0.306070 0.074846 0.101852
2 0.118441 0.416924 0.075617 0.102366
2 0.118827 0.524691 0.074846 0.101852
2 0.121335 0.637603 0.076003 0.098251
2 0.122878 0.747685 0.077546 0.104424
2 0.125193 0.856996 0.076003 0.100823
3 0.467014 0.572788 0.056713 0.070473
3 0.467978 0.661523 0.056327 0.068930
3 0.471836 0.747942 0.057099 0.070988
3 0.473958 0.834877 0.055941 0.068930
4 0.210648 0.572531 0.050154 0.070988
4 0.274113 0.573045 0.050540 0.072016
4 0.338349 0.573302 0.051698 0.071502
4 0.403164 0.572531 0.052469 0.068930
4 0.403549 0.661265 0.051698 0.067387
4 0.337963 0.661780 0.052469 0.066358
4 0.275077 0.661523 0.050154 0.066872
4 0.212191 0.662294 0.051698 0.067387
4 0.211034 0.752315 0.050926 0.066358
4 0.275077 0.752315 0.050154 0.066358
4 0.341821 0.750514 0.050926 0.065844
4 0.406250 0.749228 0.050926 0.064300
4 0.407600 0.834105 0.049769 0.064300
4 0.342207 0.834105 0.051698 0.066358
4 0.277392 0.834362 0.051698 0.065844
4 0.214892 0.832305 0.050926 0.069959
5 0.658951 0.683128 0.239969 0.311728
